-1.079811540866475239e+00 -1.083230772514046647e+00 -1.113589344110796020e+00 -1.104549975898954983e+00 -1.103845134403830919e+00 -1.108799665415596047e+00 -1.115800019925691666e+00 -1.121516182254693073e+00 -1.112068504643035416e+00 -1.104621990241260843e+00 -1.095375905932719052e+00 -1.078246656096074396e+00 -1.079150401973334672e+00 -1.061257976103463729e+00 -1.057024293445778529e+00 -1.056549706024042745e+00
-1.068169184237918179e+00 -1.091500527352221361e+00 -1.097196877236615187e+00 -1.097994030044607605e+00 -1.114713774687722481e+00 -1.110144049591248239e+00 -1.114114135815944984e+00 -1.109934535341713824e+00 -1.112414108295020743e+00 -1.104828649547599406e+00 -1.101845660120020831e+00 -1.087355286926366738e+00 -1.085942698780746341e+00 -1.069367090337833170e+00 -1.061575220477832371e+00 -1.047628444003768200e+00
-1.082979194356847197e+00 -1.080780464251371642e+00 -1.100709565877039386e+00 -1.107834095918922346e+00 -1.106792916740223953e+00 -1.105446426550142469e+00 -1.115989611575186391e+00 -1.112841046759633690e+00 -1.108402589347666556e+00 -1.093798868981631145e+00 -1.097298016972430457e+00 -1.093658269164580643e+00 -1.095621611059756972e+00 -1.092539513016899555e+00 -1.061671502767961073e+00 -1.059452139957258066e+00
-1.105175795921242932e+00 -1.087697366870706839e+00 -1.107381323867649314e+00 -1.128700249200071282e+00 -1.116816233530436797e+00 -1.109084011956254168e+00 -1.109999713860298609e+00 -1.108580230258263910e+00 -1.116468463372587205e+00 -1.110741684816313413e+00 -1.107825875576736507e+00 -1.087644185848598344e+00 -1.086497020604710428e+00 -1.077779822656065756e+00 -1.071828191503842342e+00 -1.063346584363642267e+00
-1.072424713591600076e+00 -1.091766269310051829e+00 -1.099834416545375948e+00 -1.111847995454732674e+00 -1.119858156104018621e+00 -1.124093916250389125e+00 -1.112227575965613724e+00 -1.114806453311154799e+00 -1.115028365508259123e+00 -1.114914786658829815e+00 -1.101515262312374954e+00 -1.101986655982193142e+00 -1.082804122399480651e+00 -1.086220306631494603e+00 -1.069050526198945361e+00 -1.063974017445401765e+00
-1.056969529608305258e+00 -1.064493484876400275e+00 -1.098191057957556005e+00 -1.109977323446433184e+00 -1.111949273141808803e+00 -1.112300746533025464e+00 -1.121307004527723139e+00 -1.109199892550889244e+00 -1.111676366795532278e+00 -1.111059620139691173e+00 -1.104395974712446105e+00 -1.111695193810041671e+00 -1.096395363847326054e+00 -1.081758403846983185e+00 -1.082511264987849664e+00 -1.058147343658301320e+00
-1.072467822075946708e+00 -1.076225684968447061e+00 -1.090975663105915094e+00 -1.099027350823854832e+00 -1.116389062527355813e+00 -1.113986363798371571e+00 -1.124507792999605460e+00 -1.119121330221368504e+00 -1.124595174244937157e+00 -1.111640995076860206e+00 -1.113685792376569061e+00 -1.100879110332056543e+00 -1.106296683261881908e+00 -1.086869847564192915e+00 -1.080092774221672380e+00 -1.084082734963616623e+00
-1.084069139052997510e+00 -1.080435120671391136e+00 -1.097234925867262678e+00 -1.102790609125007260e+00 -1.105056655241354990e+00 -1.116287909622192709e+00 -1.121058389530598776e+00 -1.116851984656974217e+00 -1.115600045479809399e+00 -1.113396303348967331e+00 -1.113715359805518945e+00 -1.118484283667473989e+00 -1.100088248853022144e+00 -1.094645968629168964e+00 -1.079940167731423095e+00 -1.087086201047718470e+00
-1.055087487315826467e+00 -1.083385885056005415e+00 -1.102331063069444950e+00 -1.097647460582564349e+00 -1.109922144418823642e+00 -1.127535196535971229e+00 -1.117830371227944042e+00 -1.130010986842853837e+00 -1.125518159523736905e+00 -1.111678608545992875e+00 -1.103908589814147856e+00 -1.098886722837993046e+00 -1.098851871560980964e+00 -1.102204814505777231e+00 -1.084121356847775219e+00 -1.094990132881243694e+00
-1.091320850053894231e+00 -1.055365193323853701e+00 -1.103712263700759255e+00 -1.115159313025162469e+00 -1.105289188253064658e+00 -1.120544683552582077e+00 -1.117172031188967019e+00 -1.119479694913481094e+00 -1.116603322402998755e+00 -1.128498339758189362e+00 -1.104875131956847500e+00 -1.117642839537593469e+00 -1.109515393427412677e+00 -1.083869350425721967e+00 -1.091637569386224582e+00 -1.078790214647788570e+00
-1.085636226632108015e+00 -1.079853807645005714e+00 -1.102110686435681997e+00 -1.109321431861092666e+00 -1.113567746346283416e+00 -1.116392208576955536e+00 -1.113696648986811866e+00 -1.122506909017317200e+00 -1.118145006633874949e+00 -1.119061321176602286e+00 -1.112661004204104298e+00 -1.113842094956692286e+00 -1.098401802423988993e+00 -1.102404435108697678e+00 -1.093175157644778572e+00 -1.086688051619939976e+00
-1.046507263457082226e+00 -1.080037025435094167e+00 -1.100598333028790732e+00 -1.110861431237894825e+00 -1.125977804995830667e+00 -1.109627726296358086e+00 -1.121858741749949484e+00 -1.123851134122400897e+00 -1.118497754864488103e+00 -1.117884949532737204e+00 -1.120387881504463667e+00 -1.110828298984553486e+00 -1.108831368962084785e+00 -1.098546755194348856e+00 -1.091543910604575673e+00 -1.092551659439317646e+00
-1.067419965470593812e+00 -1.075989343519921704e+00 -1.090815875257574952e+00 -1.100516572249306657e+00 -1.114115989713740484e+00 -1.114243181894746026e+00 -1.115072675406736824e+00 -1.121511649283206458e+00 -1.120941924994902195e+00 -1.113332676853376224e+00 -1.120592767873515916e+00 -1.123362173917562767e+00 -1.109272803562262544e+00 -1.105261995718875623e+00 -1.086697763019150553e+00 -1.083435260273984291e+00
-1.052730443153903295e+00 -1.089232711934252418e+00 -1.105883514914833610e+00 -1.107216171799977333e+00 -1.111769927228579702e+00 -1.120765923114948270e+00 -1.116793745387074654e+00 -1.121833560328168611e+00 -1.112578398581477446e+00 -1.121548509537585447e+00 -1.125743660158291970e+00 -1.115622228691321993e+00 -1.105577741109033507e+00 -1.108965965489642880e+00 -1.105464164392133464e+00 -1.086582782294561733e+00
-1.075470857924610391e+00 -1.065773123423578772e+00 -1.085319136912297200e+00 -1.110362644996123915e+00 -1.116628014435337768e+00 -1.119006927944386387e+00 -1.121305271437934792e+00 -1.115512856239980533e+00 -1.119673249957107375e+00 -1.123458237340732913e+00 -1.116634573017793564e+00 -1.109241214566404121e+00 -1.121610390887838760e+00 -1.102259309656764774e+00 -1.103786277305524477e+00 -1.087032717075488542e+00
-1.061108563931269622e+00 -1.064919559685661099e+00 -1.081715870991039496e+00 -1.082347623990786767e+00 -1.108562956207331363e+00 -1.112134335289251208e+00 -1.121297621497256980e+00 -1.115709264016997437e+00 -1.113726413794922543e+00 -1.126432703003587887e+00 -1.116873078398304742e+00 -1.114638909020022606e+00 -1.115622993341252700e+00 -1.093998267228182497e+00 -1.097050109207806656e+00 -1.093839798096888583e+00
-1.029991727552965974e+00 -1.081654667768339628e+00 -1.081747667361805165e+00 -1.096347562880616522e+00 -1.104461053270085813e+00 -1.108596797911634679e+00 -1.113928081955427363e+00 -1.118836276003506880e+00 -1.121751445149468340e+00 -1.116455111780421339e+00 -1.117055004743136015e+00 -1.114445772348365171e+00 -1.115309272332715151e+00 -1.100832928223523854e+00 -1.095926425445584718e+00 -1.097671530899607228e+00
-1.041521286267636182e+00 -1.078671281256093017e+00 -1.051814550663951353e+00 -1.090902376316935429e+00 -1.109686703052652934e+00 -1.107585333669462768e+00 -1.115882265920256300e+00 -1.119753512347348989e+00 -1.113135316258292207e+00 -1.122120398363203764e+00 -1.117869694869425778e+00 -1.111467911543837284e+00 -1.114200290386205827e+00 -1.107458021901742695e+00 -1.104739447225403959e+00 -1.101418446233070947e+00
-1.055959816753524683e+00 -1.078787670811163224e+00 -1.081934849202278670e+00 -1.098594988040724196e+00 -1.099527107070933596e+00 -1.119398778953062612e+00 -1.114495025050984633e+00 -1.116432793513329802e+00 -1.118531218066357136e+00 -1.124072068974167227e+00 -1.118150644537165839e+00 -1.119239342834415396e+00 -1.108454883988763573e+00 -1.104612630282851837e+00 -1.094379834946751728e+00 -1.095067097710817228e+00
-1.009806978826380375e+00 -1.070365829833529903e+00 -1.072031178978920973e+00 -1.085339194767926285e+00 -1.107443150798547160e+00 -1.108269406983179994e+00 -1.119860803735662991e+00 -1.119703192508510359e+00 -1.120279901217585028e+00 -1.109210839163831119e+00 -1.119467571427784192e+00 -1.112951541210255746e+00 -1.108955422764304144e+00 -1.099138979799788141e+00 -1.104159602308396382e+00 -1.102756977582905584e+00
-1.056081173647601235e+00 -1.032574751216263964e+00 -1.054094625798936091e+00 -1.083016276923550736e+00 -1.113340400761110294e+00 -1.109319148142752232e+00 -1.115446541435103356e+00 -1.117910647627619491e+00 -1.115142554876712433e+00 -1.109999001252107043e+00 -1.118986672524076020e+00 -1.115003750124148985e+00 -1.109985274395340893e+00 -1.113593868096317996e+00 -1.097957532193355679e+00 -1.100618789363551953e+00
