-7.666739767908022918e-01 -9.313486234828742827e-01 -1.024580252510295830e+00 -1.074799665666009041e+00 -1.030823353531528097e+00 -1.046013632382631453e+00 -1.062432108131739161e+00 -1.085743251402222720e+00 -1.050936794051950063e+00 -1.060298975310591585e+00 -1.080158197916099461e+00 -1.056823584209799716e+00 -1.053572688990551010e+00 -1.078566944884920886e+00 -1.036080544728777530e+00 -1.034701460919636773e+00 -1.002553362447245577e+00 -9.860107447664214764e-01 -9.530491037003614441e-01 -9.650540911539990940e-01 -9.226912576917453146e-01
-8.981536383863997219e-01 -9.586840339252877818e-01 -9.686336863047748658e-01 -1.055786466521063671e+00 -1.019509727463909110e+00 -1.015036723445514211e+00 -1.073308235615139328e+00 -1.063687522709906519e+00 -1.067072161328788127e+00 -1.079449172962319681e+00 -1.076628113048155200e+00 -1.041809730671917622e+00 -1.060878870774473848e+00 -1.052672337579673600e+00 -9.638586747263135912e-01 -9.960943132297381819e-01 -1.032906059457719516e+00 -1.012369125368079548e+00 -9.989145183436816122e-01 -9.240176256819476741e-01 -9.066603918519240413e-01
-8.213590251674554032e-01 -7.743250534581469502e-01 -9.483659096959743406e-01 -1.045160397605310543e+00 -1.030300547976360281e+00 -1.093561734919782591e+00 -1.070953417768897964e+00 -1.095727366817474291e+00 -1.088226714871206369e+00 -1.104525015613290195e+00 -1.085828740517688296e+00 -1.092410774828959541e+00 -1.105211342479152981e+00 -1.035636565968952594e+00 -1.058557132206367157e+00 -1.039099959452369992e+00 -1.029623060028000969e+00 -1.011509767538928628e+00 -9.972512137774900420e-01 -9.623870161018519553e-01 -8.981095219461240342e-01
-9.763803375844283261e-01 -1.008845205826663483e+00 -9.233109193298342232e-01 -8.485601009470621348e-01 -1.033853501840334532e+00 -1.084214261201084328e+00 -1.088464091129297762e+00 -1.066718331277374698e+00 -1.070513929865056335e+00 -1.090254865087576519e+00 -1.084871256535287598e+00 -1.092379523479459547e+00 -1.078219495835854191e+00 -1.053730660398780605e+00 -1.085413387497279780e+00 -1.054516725423521484e+00 -1.013086876556273719e+00 -1.036709741527786166e+00 -1.003693889442148102e+00 -1.026334231710878342e+00 -9.433788937187876922e-01
-8.541470821729013618e-01 -8.372106439158100155e-01 -1.008887604499101975e+00 -9.980011105409796190e-01 -1.054312699186899183e+00 -9.913856284598540070e-01 -1.078086535282973379e+00 -1.045164675672605181e+00 -1.080254348595526714e+00 -1.076934867439754306e+00 -1.085707582143728978e+00 -1.087736413379086331e+00 -1.076473726075155346e+00 -1.081491604612486945e+00 -1.083990826524156237e+00 -1.067460013033149524e+00 -1.036668398388926216e+00 -1.030692434612260788e+00 -9.889267322343342492e-01 -1.008650555695992157e+00 -9.995194665641830012e-01
-7.765923452225712564e-01 -9.169936942220281439e-01 -9.665402397444941007e-01 -1.001704966421571363e+00 -1.036526834162738053e+00 -9.918689133546471082e-01 -1.124820556054416887e+00 -1.089580743164832777e+00 -1.108796495924517789e+00 -1.096748868365591711e+00 -1.094592955994417194e+00 -1.102600140378132698e+00 -1.068942750795772945e+00 -1.084929685682172185e+00 -1.072843189149865761e+00 -1.077724690236068872e+00 -1.050402331471653294e+00 -1.028353429013320497e+00 -1.032529389600994829e+00 -1.006691323806498506e+00 -9.759705443600940056e-01
-9.772919736226558518e-01 -8.523365235076000301e-01 -8.397277276532369994e-01 -1.017494845562341821e+00 -1.042993552262163393e+00 -1.016034599970437657e+00 -1.088481859039392763e+00 -1.081602493678334609e+00 -1.103288685666300895e+00 -1.106335350308125465e+00 -1.103483684726185965e+00 -1.109538042366098765e+00 -1.089700750353739922e+00 -1.083712056977743199e+00 -1.093387950375807938e+00 -1.078505544482279532e+00 -1.025254949824614181e+00 -1.046831246130540682e+00 -1.020636848911326888e+00 -1.001131736762376434e+00 -9.777188745148603921e-01
-8.931558714335918747e-01 -1.025759552446691147e+00 -9.350485191143167452e-01 -9.191314011815288065e-01 -1.079436753868090459e+00 -1.090779683605706429e+00 -1.081959955720637412e+00 -1.084523121790033295e+00 -1.109525030482136021e+00 -1.131882054111425617e+00 -1.094118368836316746e+00 -1.111262806113142432e+00 -1.095106575256158177e+00 -1.100763214809181489e+00 -1.070428229719737390e+00 -1.072749648198121131e+00 -1.080493992270088244e+00 -1.017733897244440078e+00 -1.070126537073722961e+00 -1.045878528814609076e+00 -9.591087092178524065e-01
-6.607590956256860215e-01 -7.558411223532036649e-01 -1.005596113457208673e+00 -9.604972746864235411e-01 -1.046390620422418705e+00 -1.004315113259709014e+00 -9.964144305536168922e-01 -1.118814744333830324e+00 -1.089190106409468228e+00 -1.124876950494323014e+00 -1.069693734428511789e+00 -1.115976459809091770e+00 -1.097275608166007999e+00 -1.111612737395216044e+00 -1.064333817400461513e+00 -1.063217151433833552e+00 -1.098879994840473495e+00 -1.029735254883482165e+00 -1.045666224374905307e+00 -1.042541875685469632e+00 -1.017281547143366938e+00
-7.497797888925089582e-01 -9.297826608169685869e-01 -1.009473525098168567e+00 -9.913271496811266736e-01 -1.105666615475513925e+00 -1.107183594272787897e+00 -1.045724744372517945e+00 -1.111751140838954655e+00 -1.131366460578023148e+00 -1.099734515545209179e+00 -1.096234878148759861e+00 -1.119775583974487398e+00 -1.128669338249814080e+00 -1.099522115476809114e+00 -1.090289056105797405e+00 -1.096535098253883955e+00 -1.060315382977641496e+00 -1.097956383904205024e+00 -1.057882515131872703e+00 -1.049272169301719515e+00 -1.041249238442240266e+00
-6.478113412538994975e-01 -8.785686738917681815e-01 -9.185805523429017017e-01 -1.078314019082509345e+00 -1.007944024524048965e+00 -1.058380764479483371e+00 -1.091695896765599860e+00 -1.091106999583747239e+00 -1.081367054499240199e+00 -1.122025261614232550e+00 -1.117909274647784779e+00 -1.124297538307427402e+00 -1.087353857300984661e+00 -1.094859195825697240e+00 -1.097241399499733427e+00 -1.090461347132703596e+00 -1.065270599889042380e+00 -1.064873845884641179e+00 -1.066534235071494585e+00 -1.009434726381780445e+00 -1.062661152877160120e+00
-9.467549133603817557e-01 -9.264429039388818454e-01 -9.434997922864171160e-01 -9.811700403331258258e-01 -1.038362324168465189e+00 -1.059875575336182818e+00 -1.096291090797615775e+00 -1.107194322053131730e+00 -1.099074128254234450e+00 -1.111617693827055220e+00 -1.131784798987948149e+00 -1.104676512924029463e+00 -1.114701874154292893e+00 -1.069704997932425572e+00 -1.121561283531163689e+00 -1.091498565932752518e+00 -1.075362139988697230e+00 -1.079131025889584983e+00 -1.054343222571894056e+00 -1.022909196973118551e+00 -1.045473300501258196e+00
-9.999886272128480913e-01 -9.425348045257107010e-01 -9.265079350167180205e-01 -9.741990976571560656e-01 -9.469451662237008405e-01 -1.036791278178077480e+00 -1.072318337080447659e+00 -1.068396112636971429e+00 -1.093423737438479648e+00 -1.118130562045487775e+00 -1.111374762760357182e+00 -1.123059494063457286e+00 -1.110764983020074093e+00 -1.116196015287268972e+00 -1.123482427522437543e+00 -1.126459427387624945e+00 -1.086910151493742482e+00 -1.117122016851978650e+00 -1.057504747325773486e+00 -1.019632696363916846e+00 -1.077294037773784074e+00
-7.115911064715260137e-01 -1.021854494614352848e+00 -9.658728929547681918e-01 -8.276587707382885295e-01 -9.882241956311128561e-01 -1.084454557571974620e+00 -1.073798237807242151e+00 -1.081715842556307594e+00 -1.098813459371700496e+00 -1.120100299663685295e+00 -1.113201977736925974e+00 -1.111044402148414489e+00 -1.115555618150110950e+00 -1.123425819244354473e+00 -1.123702597482370225e+00 -1.120125866673525428e+00 -1.118630733465320048e+00 -1.077933453432633470e+00 -1.076097843276444088e+00 -1.064193605383165098e+00 -1.048183382027076060e+00
-8.516682544877032246e-01 -6.215378340819632808e-01 -8.994293119290157623e-01 -9.436259734645719988e-01 -1.004555978775802494e+00 -1.077956228267762606e+00 -1.052251497721674145e+00 -1.059255349241335686e+00 -1.105865974219654602e+00 -1.095825516121566645e+00 -1.135761165496404823e+00 -1.138216290585392088e+00 -1.131407684118076240e+00 -1.133105670007784394e+00 -1.103742073898795306e+00 -1.118550935851997385e+00 -1.092144041369072838e+00 -1.087206824869443533e+00 -1.063292375676891499e+00 -1.051880772599397496e+00 -1.058793742851700692e+00
-7.921484094390827124e-01 -8.545218923666778599e-01 -1.019202353973224007e+00 -1.004148619994443825e+00 -1.065551282699140234e+00 -1.056924039962221729e+00 -1.094016151287767968e+00 -1.129555023154208859e+00 -1.099969358564535149e+00 -1.114932237184796504e+00 -1.112263762003944390e+00 -1.106660548454883708e+00 -1.113802137977711437e+00 -1.121709224119027404e+00 -1.116682752616376950e+00 -1.108628073345961251e+00 -1.117482349081582393e+00 -1.064111301317651082e+00 -1.065866364871591365e+00 -1.033887386580824685e+00 -1.068618908864081396e+00
-6.122039732213826468e-01 -8.962970541238457489e-01 -9.505911583408945820e-01 -9.801690058054169929e-01 -1.026067150685592289e+00 -9.805026184829426228e-01 -1.108312930142241193e+00 -1.080936152698975805e+00 -1.093307640692335658e+00 -1.106230215949251861e+00 -1.117833859462712187e+00 -1.132243140080852584e+00 -1.111134947659765837e+00 -1.103987924815199140e+00 -1.102295546473367693e+00 -1.135248544171803653e+00 -1.120441734554856072e+00 -1.115848025207334393e+00 -1.094652181018650028e+00 -1.066586463885241143e+00 -1.055409172346608582e+00
-5.683859522992186220e-01 -7.941785275426251900e-01 -8.766437398739026499e-01 -1.040952605158671274e+00 -1.003516171728253248e+00 -1.033724445242341750e+00 -1.094167506159937853e+00 -1.041480730179420000e+00 -1.130810101591084527e+00 -1.084012380297018074e+00 -1.115139732551958973e+00 -1.125807450498641726e+00 -1.119579812266217278e+00 -1.123539839195712542e+00 -1.109078514750339473e+00 -1.117985906227915605e+00 -1.107622703633814432e+00 -1.091106797317948907e+00 -1.084285904366506958e+00 -1.091674661367900256e+00 -1.061205348405481752e+00
-7.423974708395775224e-01 -9.154371333357390617e-01 -8.714436254135529136e-01 -1.016219891441773715e+00 -9.813714998139639878e-01 -1.045762081964592971e+00 -1.050922826280104028e+00 -1.070440401982506673e+00 -1.109532101043155361e+00 -1.103193939932661571e+00 -1.124915009777496921e+00 -1.124206410069052087e+00 -1.132755924735987074e+00 -1.104993742708879845e+00 -1.129800052634513996e+00 -1.120227181056973942e+00 -1.094486465083522209e+00 -1.063483113564850813e+00 -1.091317273611456029e+00 -1.062830337035431061e+00 -1.031892309274261343e+00
-8.521700391005786468e-01 -8.880459458958619434e-01 -6.249930133655002829e-01 -1.044438077246037988e+00 -9.842819266759679220e-01 -9.929484581389784736e-01 -1.056580320175142251e+00 -1.083390789327650872e+00 -1.108523727458623487e+00 -1.116640575220471776e+00 -1.105365898679704140e+00 -1.113393564752920284e+00 -1.113830378542097543e+00 -1.127133461710298157e+00 -1.107526716598399519e+00 -1.119378290479388083e+00 -1.117553397178007168e+00 -1.105409247923095473e+00 -1.103462246143066761e+00 -1.076870886531970717e+00 -1.078817072204266259e+00
-6.028636413809721484e-01 -9.070313477720217676e-01 -9.240475352269530429e-01 -9.262090281856882878e-01 -9.596202184637883104e-01 -1.014439047311432640e+00 -1.061158655729889544e+00 -1.044654075398346427e+00 -1.115067780520409668e+00 -1.093422763302823952e+00 -1.104941555941452602e+00 -1.124975186173833741e+00 -1.128462467663984281e+00 -1.123708896100852783e+00 -1.133643800664158263e+00 -1.113360926685524888e+00 -1.100306815130621896e+00 -1.089563825193096580e+00 -1.069587940120561242e+00 -1.068676231095984974e+00 -1.054082249806476579e+00
-7.600811212599275501e-01 -7.012267536513649979e-01 -7.920393620222658804e-01 -8.701296813942993591e-01 -8.891501138959639894e-01 -1.049394855911647495e+00 -1.034228096429691934e+00 -1.063507097516390498e+00 -1.114656890799260447e+00 -1.103508233581851572e+00 -1.109076654392276096e+00 -1.101657631108744040e+00 -1.115367802071539183e+00 -1.127512834645774342e+00 -1.113814519046615104e+00 -1.106347181223124920e+00 -1.074010197906532182e+00 -1.122916416297417674e+00 -1.136539466828857758e+00 -1.053373607967699632e+00 -1.087372415040484208e+00
-6.937035449801484122e-01 -7.673514219743047260e-01 -9.182209701303860605e-01 -8.794141660318005593e-01 -1.023355806214648833e+00 -1.018930137094754551e+00 -1.037951165129036069e+00 -1.085641036332059883e+00 -1.069605851469128455e+00 -1.074217055465778836e+00 -1.115441901722074691e+00 -1.098198798200498372e+00 -1.107711859419676426e+00 -1.114063672421086837e+00 -1.135130301625402405e+00 -1.102508125512138282e+00 -1.101479352057890271e+00 -1.112332189430375928e+00 -1.098213651162843529e+00 -1.092333891745169261e+00 -1.071603007880520542e+00
-8.279415278276279766e-01 -7.496678047830001024e-01 -7.837045949791984212e-01 -9.233891319058484815e-01 -1.030972074105440450e+00 -1.031864371097704014e+00 -1.034099655040768839e+00 -1.053764557664045753e+00 -1.082151893848687596e+00 -1.110601568536945249e+00 -1.113929836362929526e+00 -1.128364090625149307e+00 -1.124149728846124408e+00 -1.123219912083325944e+00 -1.116956005008981734e+00 -1.099098934342797262e+00 -1.103980227090805233e+00 -1.107729517798518692e+00 -1.084117857835203980e+00 -1.135743560735459567e+00 -1.061910998290695352e+00
-5.530258800178001755e-01 -8.296886025520978647e-01 -9.777170708223819062e-01 -9.088090685336855934e-01 -8.750948014020027976e-01 -9.460421583476958940e-01 -1.050097835780487765e+00 -1.055720793380563682e+00 -1.068076091500878011e+00 -1.092648988314629088e+00 -1.100648920621197790e+00 -1.105573255500688745e+00 -1.112669939963337740e+00 -1.128384546134390876e+00 -1.103214908342433409e+00 -1.112605458563894256e+00 -1.112670205338113893e+00 -1.121540047530148021e+00 -1.077949167058836810e+00 -1.070866829396129427e+00 -1.064128708921888489e+00
-5.785818285811753503e-01 -8.017424690941968857e-01 -8.004264615134291105e-01 -8.939353472867221928e-01 -1.004523431634245290e+00 -1.049779006283399596e+00 -1.036679182090821438e+00 -1.053507137859536869e+00 -1.064752695559078699e+00 -1.119984856285382024e+00 -1.107802433419761812e+00 -1.107154212529754211e+00 -1.115632117291146530e+00 -1.120672851283651461e+00 -1.098018697590597448e+00 -1.123841575720063934e+00 -1.099814491230378444e+00 -1.096534976336292377e+00 -1.099454374201597195e+00 -1.083579385814083862e+00 -1.062921592138991622e+00
-7.842410638168612058e-01 -5.979459075273658719e-01 -9.241225711449519986e-01 -9.854722042593088149e-01 -1.022338267047887106e+00 -1.046820693659942014e+00 -9.570978784490619118e-01 -1.098101171547806842e+00 -1.068198534175007763e+00 -1.088056785569397444e+00 -1.084922343394698618e+00 -1.125037333549134821e+00 -1.119151261187587787e+00 -1.105987311846272414e+00 -1.108261067762541074e+00 -1.114019544702069098e+00 -1.098595502454019046e+00 -1.103246088374011835e+00 -1.097394204159943598e+00 -1.101365194039352513e+00 -1.092290930083008149e+00
-5.566384626792041379e-01 -6.834045615577112320e-01 -8.320021358563893799e-01 -9.527777387466470627e-01 -1.038964980996142762e+00 -1.019066451406428930e+00 -1.007575142095086917e+00 -1.051470195642032923e+00 -1.076818255522436818e+00 -1.083807080372805931e+00 -1.090160416756966510e+00 -1.117158770207417273e+00 -1.127164439057884326e+00 -1.123574949975679971e+00 -1.108164742567831818e+00 -1.118797279105221865e+00 -1.115450902949632450e+00 -1.105420911330240674e+00 -1.066680939529949246e+00 -1.097278985207582158e+00 -1.088244188949485158e+00
